2x NVIDIA B200  |  world_size=2  |  dtype=bf16  |  CUDA graphs
All times in microseconds (us), median of 200 iters

  D=4096
     b |      nccl    kraken  push_sync   lamport     2shot    fi_1shot    fi_2shot
  ------------------------------------------------------------------------------------------
     1 |     23.39     18.43      16.38     11.97       n/a       14.18         n/a
     4 |     25.38     24.51      22.59     14.21     16.42       16.38      288.45
    16 |     27.42     26.46      24.58     14.18     16.35       16.26       86.02
    64 |     29.44     26.62      26.46     14.30     16.32       16.38       36.86
   128 |     31.46     26.59      26.56     14.40     18.27       18.27       36.86
   512 |     58.27     48.96      49.15     22.53     26.50       28.35       45.09
  1024 |     70.66     85.89      83.81     32.61     42.75       40.99       57.22
  2048 |     88.99    147.52     147.36     49.02     67.58       75.49       81.98

  D=5120
     b |      nccl    kraken  push_sync   lamport     2shot    fi_1shot    fi_2shot
  ------------------------------------------------------------------------------------------
     1 |     26.30     18.46      16.35     12.13       n/a       14.18         n/a
     4 |     29.54     24.61      24.29     14.40     16.42       16.35      288.74
    16 |     29.60     26.75      24.61     14.37     16.42       16.26       87.90
    64 |     31.55     26.59      26.46     16.13     18.27       18.24       36.93
   128 |     35.65     26.78      26.66     16.26     18.43       18.30       38.75
   512 |     66.24     49.15      52.93     24.58     30.59       30.72       47.07
  1024 |     84.77     87.74      87.94     36.70     48.86       47.20       61.47
  2048 |    118.72    151.46     149.73     57.22     77.86       86.11       94.05

  D=7168
     b |      nccl    kraken  push_sync   lamport     2shot    fi_1shot    fi_2shot
  ------------------------------------------------------------------------------------------
     1 |     27.49     18.46      18.43     12.26       n/a       14.30         n/a
     4 |     31.58     24.54      22.56     14.37     16.42       16.22      290.66
    16 |     31.52     26.62      26.40     14.34     18.21       16.26       88.03
    64 |     35.65     26.62      26.53     16.19     18.43       18.27       36.86
   128 |     39.78     28.38      28.64     16.42     20.51       20.35       38.91
   512 |     74.37     53.06      53.25     28.58     36.70       36.86       52.99
  1024 |     97.02     90.02      89.98     40.93     57.34       61.47       71.65
  2048 |    146.02    159.58     157.54     63.55    100.19      109.34      116.61

  D=8192
     b |      nccl    kraken  push_sync   lamport     2shot    fi_1shot    fi_2shot
  ------------------------------------------------------------------------------------------
     1 |     29.47     18.46      18.43     12.32       n/a       14.21         n/a
     4 |     31.52     24.58      24.42     14.37     18.24       16.26      155.49
    16 |     31.52     26.66      26.53     14.66     18.34       16.22       53.28
    64 |     35.62     26.66      26.62     16.26     18.46       18.34       36.74
   128 |     41.70     28.51      28.67     18.18     20.48       20.48       38.94
   512 |     78.53     53.25      55.17     30.72     38.75       40.83       55.14
  1024 |    103.10     92.03      90.14     43.07     63.36       68.45       77.82
  2048 |    160.45    161.63     157.54     68.51    110.56      120.96      126.91

  D=16384
     b |      nccl    kraken  push_sync   lamport     2shot    fi_1shot    fi_2shot
  ------------------------------------------------------------------------------------------
     1 |     33.63     20.51      18.46     14.37       n/a       14.30         n/a
     4 |     37.70     26.24      26.37     18.21     20.48       16.29      155.52
    16 |     37.73     26.72      26.62     18.27     22.27       16.38       55.14
    64 |     45.95     28.70      28.70     18.59     24.26       22.40       38.94
   128 |     66.27     30.91      32.61     22.43     26.59       30.24       43.07
   512 |    107.30     89.92      90.18     51.04     67.65       75.74       86.02
  1024 |    162.56    157.54     155.68     79.71    116.48      137.09      143.20
  2048 |    295.74    293.92     296.67    135.04    208.77      256.03      266.21
