8x NVIDIA B200  |  world_size=8  |  dtype=bf16  |  CUDA graphs
All times in microseconds (us), median of 200 iters

  D=4096
     b |      nccl    kraken  push_sync   lamport     2shot    fi_1shot    fi_2shot
  ------------------------------------------------------------------------------------------
     1 |     41.95     20.42      18.34     16.29       n/a       14.34         n/a
     4 |     39.71     26.56      24.51     18.34       n/a       18.08         n/a
    16 |     41.70     28.58      26.56     18.30     22.27       18.18      304.96
    64 |     43.78     32.64      32.51     22.40     26.37       22.43      102.37
   128 |     43.78     40.74      38.82     28.42     34.59       28.51       69.41
   512 |     65.12     91.97      93.95     65.47     75.55       79.55       65.31
  1024 |     88.90    171.78     159.62    110.40    128.77      137.12       77.76
  2048 |    123.78    317.22     285.31    198.59    257.79      261.89      108.74

  D=5120
     b |      nccl    kraken  push_sync   lamport     2shot    fi_1shot    fi_2shot
  ------------------------------------------------------------------------------------------
     1 |     43.74     24.48      20.32     18.27       n/a       16.03         n/a
     4 |     43.90     30.53      26.50     20.38       n/a       18.18         n/a
    16 |     45.82     32.61      28.58     20.38     24.32       18.24      305.12
    64 |     45.89     36.90      34.59     26.37     28.45       24.35      104.22
   128 |     49.76     47.01      44.80     32.61     40.51       32.67       71.58
   512 |     82.62    136.96     112.38     77.76     96.03       93.95       69.54
  1024 |    116.32    251.65     190.21    134.91    180.16      167.71       89.89
  2048 |    167.52    479.17     335.71    245.34    382.88      320.26      126.59

  D=7168
     b |      nccl    kraken  push_sync   lamport     2shot    fi_1shot    fi_2shot
  ------------------------------------------------------------------------------------------
     1 |     43.74     24.48      20.38     20.26       n/a       16.13         n/a
     4 |     47.97     30.59      28.29     22.43       n/a       18.18         n/a
    16 |     47.68     32.64      30.46     22.53     24.51       18.30      304.93
    64 |     47.84     40.83      38.69     28.54     32.54       28.48      106.24
   128 |     52.06     55.07      52.99     38.72     46.94       42.88       73.47
   512 |    101.09    160.51     137.09    100.29    120.64      133.02       81.70
  1024 |    130.02    292.61     243.49    176.00    235.68      251.65      120.58
  2048 |    200.32    566.59     440.10    329.47    513.79      488.26      208.67

  D=8192
     b |      nccl    kraken  push_sync   lamport     2shot    fi_1shot    fi_2shot
  ------------------------------------------------------------------------------------------
     1 |     41.79     28.51      20.35     20.38       n/a       14.18         n/a
     4 |     45.79     34.72      26.59     22.46       n/a       18.18         n/a
    16 |     47.68     36.77      30.53     22.43     26.37       20.22      171.81
    64 |     49.76     46.85      40.70     30.66     34.59       30.50       71.55
   128 |     52.90     59.23      57.15     42.75     51.10       46.98       63.42
   512 |     96.99    155.42     192.26    112.48    134.94      147.20       87.84
  1024 |    137.98    273.98     343.81    198.43    264.03      274.40      128.77
  2048 |    232.26    479.01     615.17    372.48    583.10      540.45      225.28

  D=16384
     b |      nccl    kraken  push_sync   lamport     2shot    fi_1shot    fi_2shot
  ------------------------------------------------------------------------------------------
     1 |     47.84     24.51      24.51     38.82       n/a       16.13         n/a
     4 |     48.03     30.62      30.59     40.90       n/a       18.24         n/a
    16 |     54.02     34.82      34.66     42.91     36.61       22.40      171.90
    64 |     58.24     59.23      55.07     59.30     52.99       44.90       71.55
   128 |     74.34    102.14      96.03     85.73     87.81       87.84       75.52
   512 |    141.89    315.14     332.58    288.54    249.73      329.66      130.85
  1024 |    236.19    592.86     628.51    469.82    501.66      642.91      286.62
  2048 |    391.04   1108.61    1218.53    837.38   1117.98     1283.94      591.65
