4x NVIDIA B200  |  world_size=4  |  dtype=bf16  |  CUDA graphs
All times in microseconds (us), median of 200 iters

  D=4096
     b |      nccl    kraken  push_sync   lamport     2shot    fi_1shot    fi_2shot
  ------------------------------------------------------------------------------------------
     1 |     27.74     18.30      18.27     12.10       n/a       14.21         n/a
     4 |     31.20     24.38      24.35     14.18     18.18       16.32         n/a
    16 |     33.54     26.50      26.27     16.13     18.21       16.35      159.52
    64 |     33.66     28.35      26.69     16.38     20.22       18.50       59.20
   128 |     35.58     28.61      30.46     18.40     22.34       22.27       42.78
   512 |     58.43     59.36      61.28     34.62     42.88       45.06       49.06
  1024 |     78.40    106.24     104.19     53.15     71.46       75.78       65.28
  2048 |    133.95    190.24     180.00     89.82    141.22      143.10       98.08

  D=5120
     b |      nccl    kraken  push_sync   lamport     2shot    fi_1shot    fi_2shot
  ------------------------------------------------------------------------------------------
     1 |     31.55     22.37      18.24     13.95       n/a       14.18         n/a
     4 |     33.60     28.54      24.35     16.22     18.24       16.38         n/a
    16 |     35.62     30.46      26.46     16.32     20.16       18.18      159.49
    64 |     37.50     30.59      28.48     18.21     20.51       20.22       59.17
   128 |     39.81     34.62      32.54     20.42     24.61       24.16       44.80
   512 |     74.59     69.44      67.23     44.83     57.18       51.20       53.02
  1024 |     97.22    126.72     112.90     69.41    104.38       91.90       71.46
  2048 |    160.64    233.57     198.30    114.56    190.43      167.71      110.43

  D=7168
     b |      nccl    kraken  push_sync   lamport     2shot    fi_1shot    fi_2shot
  ------------------------------------------------------------------------------------------
     1 |     31.65     22.34      18.24     14.21       n/a       15.07         n/a
     4 |     35.71     28.51      24.35     16.29     18.46       16.35         n/a
    16 |     37.79     30.50      26.43     16.29     20.26       18.18      159.65
    64 |     39.68     32.61      28.77     20.22     22.37       22.27       61.22
   128 |     45.70     36.67      34.66     24.26     28.45       26.59       44.93
   512 |     82.62     79.65      77.60     53.02     69.38       67.33       61.47
  1024 |    140.00    143.14     129.06     85.79    131.84      118.53       85.79
  2048 |    183.39    268.03     227.30    147.49    251.68      218.98      140.90

  D=8192
     b |      nccl    kraken  push_sync   lamport     2shot    fi_1shot    fi_2shot
  ------------------------------------------------------------------------------------------
     1 |     33.50     20.32      18.27     14.14       n/a       14.53         n/a
     4 |     35.58     26.43      24.38     16.29     20.06       16.19         n/a
    16 |     37.54     28.48      26.43     18.18     20.29       18.21       92.16
    64 |     39.74     32.35      30.50     20.45     24.22       22.30       49.15
   128 |     45.79     36.77      36.67     24.38     30.50       28.45       44.93
   512 |     86.85     81.70      83.71     57.12     75.55       73.63       67.49
  1024 |    148.16    149.50     139.33     93.98    147.23      130.82       91.90
  2048 |    196.64    272.29     245.82    165.60    284.42      244.38      156.42

  D=16384
     b |      nccl    kraken  push_sync   lamport     2shot    fi_1shot    fi_2shot
  ------------------------------------------------------------------------------------------
     1 |     37.76     24.45      20.29     18.21       n/a       14.30         n/a
     4 |     41.89     30.75      26.46     22.37     24.64       18.18         n/a
    16 |     43.78     34.59      28.58     22.34     26.43       20.13       92.06
    64 |     52.00     40.83      36.67     28.45     32.54       28.54       55.30
   128 |     68.35     52.99      50.98     38.66     44.83       44.99       52.99
   512 |    152.29    163.62     161.57     98.14    137.02      139.23      102.14
  1024 |    199.33    294.75     293.95    171.97    274.18      259.87      173.70
  2048 |    332.54    554.62     569.18    319.52    546.53      503.55      313.25
